-3427788
-3349393
-3349392
-3349391
-3341858
-3330565
-3272726
-3272132
-3272131
-3271620
-3229147
-3209484
-3062894
-3062892
-3061015
-3031379
-3028585
-2470050
-2470049
-2470048
-2470043
-2470041
-2470038
-2470037
-2470033
-1362337
-1362336
-1362332
-1360670
-1360655
-1360654
-1360650
-1360646
-1360642
-1360631
-1360630
-1360629
-1360627
-1359374
-1359337
-1359335
-1359290
-1359281
-1359278
-1359251
-1359249
-1359248
-1359243
-1359233
-1242400
-225033
-51497
82746447
82746502
93803580
93803648
93803672
238140256
238140257
238140339
238140340
248468851
248844324
248844325
