-3334755
-3146439
-2669558
-2669556
-2669555
-2669529
-2669523
-2669522
-2669512
-2669511
-2669510
-2669505
-2669502
-2669500
-2669485
-2669479
-1939207
-1939147
-1939146
-1939145
-1939144
-1939142
-1939140
-530583
-530429
-456932
-456806
-365169
-85762
-85761
31560521
31560562
31560563
31608144
31608158
44642915
46512987
46512991
52518488
52518490
52877776
52877777
52877781
52877782
52877783
52877784
52877785
52880357
52880368
52880404
52944450
52944451
52944452
52944453
52951251
52951259
52951266
52951271
52951274
52951281
52951284
52951286
52951288
52951290
52951292
52951294
52951299
52951300
52951304
52951305
52951307
52951309
52951312
52951314
96934919
96935135
143218139
227053359
